   2.7177071e-02
   2.7782222e-02
   2.6688050e-02
   2.0991231e-02
   3.3257902e-02
   2.4590520e-02
   2.3545268e-02
   1.6754767e-02
   1.9124484e-02
   1.6871950e-02
   2.3662092e-02
   1.6000501e-02
   2.0275846e-02
   1.1607712e-02
   1.5214556e-02
   2.8934518e-02
   1.3566155e-02
   9.0390258e-03
   1.5779397e-02
   2.0473787e-02
   3.8869785e-02
   1.2333355e-02
   9.2287153e-03
   6.4614402e-03
   5.6240650e-03
   3.3769641e-02
   1.5607309e-02
   2.9066000e-03
   1.0838535e-02
   2.1827554e-02
   1.7378366e-02
   1.3818943e-02
   7.3006184e-03
   4.0369432e-02
   2.5844727e-02
   5.3799060e-03
   1.6349357e-02
   7.9553302e-03
   3.5660638e-02
   1.2564930e-02
   2.0140156e-02
   8.5558632e-03
   1.0362882e-02
   8.1206195e-03
   1.7190982e-02
   8.2086385e-03
   1.8357974e-02
   1.5465433e-02
   4.1151844e-02
   1.1101609e-02
   2.1238612e-02
   2.8953998e-02
   1.0506277e-02
   4.2145083e-03
   4.8636881e-03
   3.6327050e-02
   1.6032702e-02
   1.5766728e-02
   7.8179718e-03
   2.6278103e-02
   1.1571533e-02
   2.3139272e-02
   6.0451052e-03
   5.0942176e-03
   1.3787376e-02
   3.1335460e-02
   1.9929368e-02
   8.0997233e-03
   2.5613685e-02
   6.7491637e-03
   1.4164326e-02
   2.6281796e-02
   1.6077146e-02
   1.4033839e-02
   1.1495906e-02
   2.5591216e-02
   2.2813491e-02
   1.6398347e-02
   1.9833838e-02
   2.2567116e-02
   1.9261272e-02
   5.5819641e-02
   5.9156822e-02
   5.9257703e-02
   5.6539178e-02
   6.3025794e-02
   6.0137124e-02
   6.0493485e-02
   5.7448410e-02
   6.4194259e-02
   6.4834677e-02
   5.7986661e-02
   6.0556490e-02
   5.4576499e-02
   5.8048506e-02
   5.9863881e-02
   6.0738048e-02
   5.8594751e-02
   6.1757826e-02
   5.8089627e-02
   6.2565348e-02
   5.9715645e-02
   6.0888247e-02
   6.1252467e-02
   6.2187989e-02
   6.0120387e-02
   6.0357398e-02
   5.8879604e-02
   5.8895844e-02
   6.0384403e-02
   6.1895535e-02
   5.8099648e-02
   5.9849673e-02
   5.9929465e-02
   6.5021748e-02
   6.5346545e-02
   6.6185442e-02
   6.3479966e-02
   6.1660561e-02
   6.1921254e-02
   6.2924922e-02
   6.4603471e-02
   6.0812700e-02
   5.9007739e-02
   5.8816103e-02
   1.9825242e-03
   6.1356494e-02
   5.9869698e-02
   5.6700918e-02
   5.6129009e-02
   5.5987455e-02
   4.4384682e-03
   4.4036329e-03
   5.2391892e-02
   5.3762279e-02
   5.1989513e-02
   5.6538503e-02
   4.0937443e-03
   5.4884405e-02
   5.0724092e-02
   6.3026691e-03
   4.9803096e-02
   4.7910508e-02
   4.8363604e-02
   7.4693650e-03
   5.0097892e-02
   6.1739821e-03
   8.4665183e-03
   4.8332011e-02
   3.5156034e-02
   4.2875799e-02
   4.3204295e-02
   1.5075144e-02
   4.2912503e-02
   1.0943851e-02
   4.2792648e-02
   3.2616721e-02
   8.4651278e-03
   3.7293153e-02
   3.5393503e-02
   3.8569538e-02
   3.5691474e-02
   1.4970575e-02
   1.1614817e-02
   3.3778501e-02
   1.1650769e-02
   2.9810152e-02
   2.4560288e-02
   2.8234303e-02
   1.7966800e-02
   2.9675367e-02
   1.9777876e-02
   2.7900240e-02
   1.4648228e-02
   1.9460618e-02
   1.5567375e-02
   2.2012681e-02
   2.3386640e-02
   2.3681621e-02
   2.5684908e-02
   1.3628020e-02
   1.8526298e-02
   2.3439790e-02
   1.9324388e-02
   4.1254327e-02
   3.6426311e-02
   4.0368886e-02
   3.7286783e-02
   4.4951375e-02
   4.5162664e-02
   5.1209398e-02
   4.5310769e-02
   4.4234945e-02
   4.7159247e-02
   3.9144064e-02
   3.1567474e-02
   2.7445311e-02
   5.8927279e-02
   2.7317888e-02
   2.3766558e-02
   5.5817977e-02
   5.3111128e-02
   2.8176775e-02
   4.5843270e-02
   1.7744659e-02
   2.0895971e-02
   4.8933892e-02
   2.5687562e-02
   3.8520515e-02
   4.1280032e-02
   1.2793587e-02
   4.4480831e-02
   3.1459755e-02
   4.6573618e-02
   3.5779332e-02
   2.8118833e-02
   5.4136995e-03
   3.1420014e-02
   4.0460117e-02
   3.7114352e-02
   1.7072964e-02
   6.7927405e-03
   2.2523001e-02
   1.0333166e-02
   6.9353309e-03
   3.5556281e-02
   2.9841569e-02
   2.4677218e-02
   1.9565471e-02
   1.2802334e-02
   9.7324065e-03
   2.8434231e-02
   2.3212454e-02
   1.8326578e-02
   1.4323033e-02
   2.1504094e-02
   5.0011021e-02
   3.9993531e-02
   3.4785686e-02
   4.3476805e-02
   3.7275803e-02
   3.2548966e-02
   5.6606053e-02
   5.4615513e-02
   6.0785888e-02
   5.5057588e-02
   5.3256730e-02
   4.8890595e-02
   5.4353927e-02
   5.3979643e-02
   6.1398002e-02
   5.7201151e-02
   5.9584645e-02
   5.7767284e-02
   5.9361117e-02
   5.9311400e-02
   5.5848725e-02
   5.6083366e-02
   5.8391959e-02
   5.8408405e-02
   6.0048382e-02
   5.6208169e-02
   5.9042478e-02
   5.6852096e-02
   5.5571902e-02
   3.8628492e-02
   4.0579007e-02
   4.9948130e-02
   4.1545641e-02
   5.0290458e-02
   4.7945153e-02
   5.5352362e-02
   4.3333719e-02
   5.4098719e-02
   4.5553911e-02
   5.2953998e-02
   4.9196767e-02
   4.8880405e-02
   5.3244934e-02
   5.2873913e-02
   5.2282449e-02
   5.2081913e-02
   5.5560169e-02
   5.4765133e-02
   5.7465126e-02
   5.7823437e-02
   5.9606318e-02
   6.0414522e-02
   6.1605172e-02
   3.7919670e-02
   3.8356021e-02
   3.1727445e-03
   2.4541006e-03
   9.1029180e-04
   6.2760956e-03
   3.6672234e-03
   2.4724831e-03
   1.0222410e-03
   4.3750084e-03
   5.3928022e-03
   6.9273419e-03
   8.0098232e-03
   7.3206941e-03
   8.3124014e-03
   1.1687441e-02
   1.3920283e-02
   8.9754338e-03
   1.5014235e-02
   1.3027766e-02
   2.6330169e-02
   2.6637349e-02
   2.4044583e-02
   1.4601498e-02
   1.7245542e-02
   1.0901029e-02
   1.1225434e-02
   2.5623199e-02
   1.6073041e-02
   9.2338808e-03
   6.4698926e-03
   7.9394053e-03
   1.3846546e-02
   3.1415127e-03
   7.7212360e-03
   1.9323788e-02
   3.4750156e-02
   4.0353568e-02
   4.4077211e-02
   3.8080670e-02
   3.5449600e-02
   3.2637211e-02
   3.3891201e-02
   4.3576753e-02
   3.5888002e-02
   3.8395169e-02
   5.0008879e-02
   2.9100823e-02
   3.6915108e-02
   3.4743643e-02
   3.1911112e-02
   2.1646489e-02
   4.4359016e-02
   5.2655217e-02
   5.0367364e-02
   5.2319876e-02
   3.0448462e-02
   4.6805840e-02
   5.5016272e-02
   4.8709902e-02
   4.0173858e-02
   4.9614096e-02
   4.4379902e-02
   4.2896208e-02
   4.6103327e-02
   3.2063625e-02
   3.5614831e-02
   3.8825954e-02
   4.2658137e-02
   3.4930195e-02
   4.7357465e-02
   5.0492371e-02
   5.0604838e-02
   5.4485650e-02
   4.1358375e-02
   4.1273899e-02
   2.4011426e-02
   2.5040073e-02
   3.5162902e-02
   2.8890144e-02
   3.9467625e-02
   2.3061966e-02
   4.7808494e-02
   4.1414874e-02
   3.2764444e-02
   5.4981323e-02
   2.9352050e-02
   4.6018048e-02
   5.8453092e-02
   4.4092243e-02
   5.1884600e-02
   5.4253151e-02
   3.0597320e-02
   5.0889172e-02
   4.4742538e-02
   5.3722716e-02
   5.2339783e-02
   5.0653039e-02
   5.2506590e-02
   4.4971767e-02
   5.0053874e-02
   4.8942007e-02
   4.9683719e-02
   4.4350622e-02
   4.9896046e-02
   4.7587558e-02
   4.0566394e-02
   3.6036304e-02
   3.2410387e-02
   3.3299961e-02
   1.1604618e-02
   1.1848549e-02
   5.1865640e-03
   6.6462103e-03
   8.0216136e-03
   6.5502220e-03
   7.3616169e-03
   6.5066951e-03
   3.2985743e-03
   4.2457109e-03
   6.1244388e-03
   1.3374179e-02
   1.0627977e-02
   5.2023188e-02
   5.1807144e-02
   4.3846458e-02
   4.9469737e-02
   5.0135243e-02
   3.8987819e-02
   5.1495437e-02
   4.4224794e-02
   4.9309508e-02
   4.8709892e-02
   4.1031501e-02
   3.5575357e-02
   4.7328082e-02
   3.9949352e-02
   4.4158654e-02
   3.5435144e-02
   4.5308618e-02
   4.8206172e-02
   5.1818330e-02
   4.8435117e-02
   4.8960426e-02
   5.2053794e-02
   5.3556465e-02
   5.7518705e-02
   5.3311082e-02
   5.6400831e-02
   5.0518943e-02
   5.6767046e-02
   5.2604904e-02
   5.4660629e-02
   5.6853364e-02
   5.4280618e-02
   5.4718336e-02
   5.4643382e-02
   3.3730268e-02
   3.6407867e-02
   3.8503135e-02
   3.7409252e-02
   4.4617272e-02
   4.4930918e-02
   4.6204300e-02
   5.0376213e-02
   5.4445817e-02
   5.6754124e-02
   4.3057551e-03
   3.0992178e-03
   4.6690828e-03
   1.1328433e-02
   3.8314329e-03
   1.8660440e-02
   2.7344370e-03
   6.5345164e-03
   5.4044676e-03
   2.0978607e-02
   5.6704172e-03
   8.0171412e-03
   1.3052093e-02
   2.5884245e-02
   9.7565581e-03
   3.3404876e-02
   3.7161620e-02
   2.2815795e-02
   3.1983545e-02
   3.6163137e-02
   2.6708057e-02
   3.3766716e-02
   1.8410279e-02
   2.4635929e-02
   4.2466471e-03
   5.6400007e-03
   2.3001235e-03
   1.1344561e-02
   5.2041707e-03
  -1.0500339e-03
   2.1940668e-03
  -1.0482746e-03
   3.7008884e-03
   8.6131705e-05
  -3.2772064e-04
   1.2590209e-03
   3.5235300e-03
  -3.1724783e-05
   3.0468649e-04
   4.2583665e-03
   4.4926033e-03
   3.5301059e-03
   7.6166400e-04
   2.5147588e-03
