  -3.4634862e-03
  -8.7000890e-03
  -9.3405864e-03
  -2.2800448e-02
   2.9390661e-06
  -2.0235073e-03
  -5.7281125e-03
   1.5013353e-06
   1.9391134e-06
   2.1895612e-06
   1.7222740e-03
  -1.7618915e-06
   3.8498221e-03
  -6.9918062e-03
   8.2798389e-03
   5.9630762e-03
   8.4605500e-03
   8.4018946e-03
   2.7973811e-03
  -1.1577430e-06
  -6.8725360e-05
   1.3220681e-02
   1.3875188e-02
   1.5731995e-02
   5.7467195e-03
   1.5603291e-02
  -1.9121603e-02
  -1.9364958e-02
   3.0385772e-03
  -1.5540460e-02
  -2.7485614e-03
   3.7172331e-03
   1.2614850e-02
  -2.0841090e-06
  -1.9621375e-02
   5.5242059e-04
   5.1959282e-03
   7.8117530e-03
  -2.0105224e-02
  -1.4843858e-02
   7.9827598e-03
   6.9329271e-07
   1.4253999e-02
  -1.3116038e-02
   1.4265901e-03
   1.1447848e-02
   8.0422334e-03
   3.1977511e-02
   6.2226696e-04
   1.5486268e-02
  -1.4781307e-02
  -7.2032163e-03
   5.7101900e-04
  -1.0633039e-02
   3.5447345e-02
   1.1757310e-02
   9.7331929e-03
  -5.2576917e-03
   4.2510676e-06
  -1.3464242e-02
   5.0269723e-03
   1.9584898e-03
   8.7161502e-03
   1.2540972e-02
   3.7826032e-03
   1.2700530e-02
   7.2327187e-03
   1.7890673e-03
   1.6429226e-02
   1.3837093e-03
   2.7177037e-03
   6.6498957e-03
   2.4438616e-02
   3.9847647e-03
   1.2501676e-02
   9.8676792e-03
   2.6455618e-02
   4.2271173e-03
   1.5758911e-03
   1.9042748e-03
   5.9903017e-03
  -4.7097261e-07
  -9.8702954e-03
   1.1841887e-03
  -2.3120851e-06
   1.6052355e-03
   2.1459833e-04
   2.0175274e-02
   3.3607493e-03
   1.4131443e-02
   1.8529278e-06
  -2.3659696e-02
  -1.7239596e-06
   2.4285979e-03
   1.0178525e-02
   6.8356511e-03
   1.2485895e-03
   1.6561369e-06
   2.9129253e-02
   6.7604849e-03
   2.4961114e-02
   1.2573518e-06
  -6.5413176e-06
   1.9985682e-03
   2.0531706e-03
   2.2441206e-02
   2.1668780e-06
  -1.2338811e-02
   6.2144931e-05
  -4.1329890e-06
   1.4339514e-02
   2.2919120e-03
   1.3203612e-06
   1.0598731e-03
  -2.1930313e-06
   3.3506348e-03
   7.8749107e-03
   2.2154615e-03
   9.9212845e-03
   2.3757987e-06
   3.4806085e-03
   2.3550765e-02
   3.2594387e-03
   9.8789446e-05
   1.5505439e-03
   2.0409451e-02
   5.2435264e-03
   6.7106188e-03
   1.1639875e-02
   9.5866989e-03
   3.9637873e-03
   1.6620677e-02
   2.0787465e-03
   1.1241467e-03
   2.7711554e-03
   9.9545408e-04
   1.9616357e-02
   1.1425148e-02
   7.5297824e-03
   7.8291797e-03
   1.4122233e-02
   1.2738400e-02
   4.8771524e-03
   3.1039991e-02
   1.1785004e-02
   1.0332395e-02
   9.2374475e-03
   1.6963736e-02
   1.7228158e-02
   1.9973837e-02
   3.3213172e-02
   8.1285158e-03
   4.1219417e-03
   2.9931016e-02
   1.2861583e-02
   1.9120776e-02
   1.2298120e-02
   2.6551922e-02
   3.7365893e-03
   1.9446894e-02
   2.1897117e-02
   2.0049546e-02
   1.9561311e-02
   8.8376434e-03
   1.2050935e-02
   2.5152695e-02
   2.7516465e-02
   1.4457410e-02
   1.1719657e-02
   1.4975146e-02
   1.0798992e-02
   8.0440044e-03
  -2.0966706e-06
  -2.8164736e-06
  -5.6460529e-03
  -7.9240595e-03
  -7.7090280e-06
   2.0909009e-06
  -5.8309701e-03
   3.7117173e-03
   1.3497893e-03
   1.0108849e-02
   7.5472471e-03
   1.9702782e-03
   1.9162474e-05
   2.3135518e-06
   1.4553797e-03
   2.3253255e-03
   1.2987250e-03
   5.5912165e-08
   8.8985751e-03
   2.2731737e-06
   1.0536522e-03
   4.2642201e-03
   1.7631644e-02
   2.0938891e-03
   4.8854683e-03
   1.7351431e-02
   1.7840945e-03
   1.2322675e-02
   1.1987843e-02
   1.3423987e-02
   7.1039553e-06
   4.0989433e-02
   4.0166244e-03
   8.8298214e-03
   1.2636820e-02
   9.1156976e-05
   3.9268380e-03
   2.2078194e-02
   5.2490232e-03
   1.1748676e-02
   2.0804501e-02
   2.3980148e-06
   1.0886997e-06
   2.0241259e-02
   3.2072978e-04
   6.4795347e-06
   2.7695729e-03
   3.6057220e-03
   1.1830485e-02
   2.9888951e-03
   1.0003131e-02
   4.2257976e-03
   1.9545718e-02
   1.2466551e-02
   4.8775436e-03
   2.0628396e-02
   1.8949952e-03
   7.9945261e-04
   1.6459069e-06
   3.1081518e-03
   1.4202016e-06
   1.6675824e-02
   1.4667119e-06
   3.5087951e-03
   5.6411155e-03
   9.0539950e-04
   1.7818093e-06
   4.2326443e-06
   3.8697202e-03
   9.4856675e-04
   1.6210221e-02
   2.2861340e-03
  -2.4594702e-03
  -1.1217444e-06
   5.9799787e-03
  -1.1793175e-05
   6.2075540e-04
  -1.6404691e-06
   1.3099323e-06
   6.4976010e-07
  -4.0745317e-05
   8.1078407e-04
  -2.1369334e-06
  -9.4145949e-04
   4.4734174e-06
   3.1375166e-06
  -3.7939709e-04
   4.4211970e-03
   6.8084625e-05
   8.1630089e-03
   1.7206967e-06
   1.1466543e-06
  -3.2121872e-03
   1.6792139e-06
  -2.4638395e-06
   2.0380288e-05
   3.8990165e-03
   8.5420151e-04
   6.9083812e-04
  -1.8385342e-06
   2.3251889e-07
   1.5723971e-02
   1.7960838e-03
   2.6517777e-03
   1.8637572e-06
   2.4465753e-03
   2.5554999e-03
   1.1843092e-02
   1.4283511e-02
   9.5086527e-03
   4.6571523e-03
   3.8451687e-03
   9.9574023e-05
   8.7134136e-04
  -7.9459722e-04
   5.7361632e-03
  -2.5223757e-06
  -1.1109153e-06
  -8.7750634e-04
  -1.0935200e-03
  -1.8797536e-04
  -2.5939197e-03
  -9.9196935e-03
  -4.3261631e-04
  -7.7557903e-03
  -1.6774817e-03
   7.2796928e-03
  -4.4910257e-03
  -3.0497070e-06
  -2.2234882e-06
  -2.8345992e-04
   6.3270857e-03
   6.9207615e-04
   1.7562333e-06
  -3.9348171e-03
   1.7405765e-03
  -8.3508780e-03
  -1.6871222e-02
  -5.2851047e-03
  -4.4362277e-03
  -1.4090713e-03
   6.6582132e-03
   4.2586953e-03
  -2.2216523e-06
  -3.5539728e-04
   1.5393615e-06
   1.9440024e-03
   5.5199861e-03
   6.3180563e-07
   1.0547004e-02
   2.3875458e-02
   5.5817306e-03
   8.7515494e-03
   1.1793752e-02
   2.2588575e-02
   1.5469954e-02
   6.1551852e-03
   1.4831457e-03
   7.4085186e-03
   1.3195376e-02
   8.7647658e-04
   2.0397446e-06
  -1.8792468e-06
   2.5527372e-06
   5.0832823e-03
   1.3785998e-06
   1.5354012e-03
   3.0293666e-06
   5.1266353e-07
   1.3411996e-06
   1.5727357e-06
  -4.1935111e-07
  -3.9667311e-06
   1.0280412e-06
   6.0543130e-08
   1.7496850e-06
   1.2950249e-03
   7.7155008e-03
   2.9712048e-06
   5.5386603e-07
   3.0911460e-06
   8.9924875e-07
   1.3488399e-06
   1.7168297e-06
   2.7733718e-03
   1.4000344e-03
  -2.0708013e-06
   1.1215696e-06
   2.1318853e-02
   1.0569407e-02
   6.1071390e-03
   2.6288230e-02
   7.8582751e-04
   6.1733612e-04
   1.8059585e-06
  -1.6730325e-06
   2.8211002e-06
   1.5337994e-06
  -4.5067829e-06
  -2.9911072e-07
   8.7772749e-03
   9.0575735e-07
   1.5428256e-02
   4.5850477e-04
   2.7322893e-03
   1.9873783e-03
   1.0401490e-04
   1.2920960e-02
   3.4897774e-06
   1.6833294e-03
   3.3364246e-07
   2.5342155e-03
   1.4557548e-03
   2.9066077e-03
   1.2587134e-03
   1.1863162e-06
   8.1176691e-07
   1.0807200e-03
   1.8826445e-03
   8.0945261e-03
   2.9553756e-03
  -1.9193880e-02
  -3.7797911e-03
  -4.9706949e-03
  -2.0136149e-03
  -3.2293282e-06
  -3.8714460e-04
  -1.4346136e-08
   1.7632260e-06
  -6.5862724e-05
  -8.6290713e-06
  -2.5905625e-02
  -1.1816084e-06
  -1.8802843e-06
  -1.7680469e-06
  -2.1934023e-06
   2.6952847e-06
   1.3427717e-06
   1.0034081e-06
   7.7593683e-08
   3.0967802e-03
   2.8430313e-03
   1.2004769e-03
  -3.1463391e-05
   3.7497095e-03
   6.5239463e-03
   3.4374657e-03
  -9.6992238e-04
   1.6513111e-05
  -3.2006406e-06
   1.9419293e-06
   5.1698150e-04
   1.7442411e-03
   1.6506705e-04
   9.7028198e-05
  -4.1439152e-03
  -1.8867889e-06
   2.3283868e-04
   1.9168730e-07
   1.6080287e-03
   1.4096994e-06
   1.4074082e-06
   8.8569445e-05
  -1.8558077e-03
   8.2242290e-04
   3.2293396e-06
   1.5370757e-03
   1.9502804e-02
   7.3242608e-03
   2.9474156e-06
  -2.3311868e-06
   1.3897463e-05
   1.7024704e-05
   3.7296392e-03
   1.9227580e-06
   2.9757432e-04
   6.4308411e-03
   5.0608045e-03
   1.2083254e-05
   1.5788652e-05
   6.1525089e-03
   4.3228704e-03
   8.1766292e-03
   3.8276461e-03
   1.4940891e-04
   1.9537318e-06
   1.6173484e-06
   1.4108411e-03
   2.1447404e-03
   6.9066717e-03
   1.8441484e-05
   6.4915143e-07
   1.8683900e-06
   2.4717283e-03
   6.9754006e-03
   7.6938157e-03
   8.3836584e-03
   1.5178452e-03
   1.2828082e-03
   1.3773756e-02
   3.7885791e-03
   1.3366234e-02
  -1.9343435e-03
  -9.7472225e-04
   4.4660451e-03
   9.7650193e-07
   4.3238037e-06
   3.9097403e-06
  -2.6869769e-06
   4.3465028e-03
   1.4318263e-02
  -1.0419323e-06
   4.0851002e-04
  -5.9626908e-03
  -5.4336825e-03
   2.0171783e-06
   3.3429547e-02
   4.3713141e-08
   1.0991410e-02
   2.4091572e-06
   9.8755609e-03
   3.3692687e-03
   2.0946889e-02
   7.5435413e-04
   1.0112468e-02
   1.7031124e-06
   1.4147223e-02
   2.4596269e-06
