   5.8336011e-03
   1.8543749e-02
   3.4527597e-03
   9.5329666e-03
   1.7307176e-06
   1.4551537e-02
   3.9805230e-05
   2.7430073e-05
   4.3462619e-04
   4.7684995e-03
   8.2876459e-04
   1.1085576e-03
   3.9777042e-03
   3.9090739e-03
   6.5134540e-03
  -3.0420772e-03
  -1.2883309e-03
   3.5288268e-04
   2.2050153e-06
  -4.2402725e-03
  -3.9871437e-07
   8.1051608e-03
   1.3190005e-02
   1.2612848e-02
  -2.7681885e-06
  -7.8439440e-03
  -1.7988173e-04
   2.0360888e-02
  -2.1382894e-04
  -5.0873983e-07
   1.7265510e-03
   9.2916178e-04
   1.2929406e-02
  -1.3390143e-06
   3.7229178e-06
  -6.6806829e-03
   2.7494391e-06
  -6.0991020e-03
   1.3990701e-06
  -1.9066283e-03
  -2.0771689e-06
   1.0517644e-03
  -1.3529494e-06
  -5.4783541e-03
  -1.7452763e-06
  -2.9296846e-03
  -2.5806283e-03
   8.7994602e-04
   4.6852921e-07
  -3.1579285e-03
  -3.5966137e-08
   1.8093532e-06
  -4.1674490e-03
  -1.1206377e-02
  -8.4737672e-03
  -2.4685777e-06
  -6.4340209e-04
  -2.7181688e-03
  -8.6999674e-03
   1.3607090e-02
  -1.2492685e-02
  -2.2552956e-06
  -1.1746200e-02
  -6.5410417e-03
   1.7899635e-06
   1.8993541e-06
  -3.7507165e-03
   5.9241839e-03
  -1.5119669e-06
  -1.0431469e-02
  -2.0234805e-06
   1.2506976e-03
  -3.7489102e-03
   3.4395629e-06
  -1.0357597e-06
  -3.7197535e-04
  -1.0175724e-06
  -1.6566601e-03
  -5.5141756e-07
  -2.2909923e-04
  -8.2766737e-03
  -9.0596938e-04
  -7.0714347e-07
   3.1583520e-06
  -4.8858497e-07
  -1.5438968e-03
  -7.8293641e-07
  -1.4756379e-02
  -6.3703231e-03
  -5.7130619e-07
  -9.5795720e-07
  -2.1083385e-02
  -1.8733419e-03
  -2.3687327e-03
  -1.6366558e-04
  -1.9405465e-04
  -7.5787457e-03
  -2.1291985e-02
  -8.1262400e-05
  -3.1756557e-03
  -1.4909545e-02
  -4.8450957e-03
  -1.7225507e-02
  -1.7448298e-02
  -4.4960601e-03
  -1.6476294e-02
  -6.1640919e-03
  -5.2676000e-03
  -1.8819699e-03
  -4.8308489e-03
  -1.0650085e-03
  -2.6681436e-03
  -5.2533025e-05
  -2.6031372e-03
  -6.0553927e-03
  -8.4956897e-03
  -5.6438009e-03
  -9.2254399e-03
  -1.2394112e-02
  -4.6827336e-03
  -4.9288820e-03
  -1.0580956e-02
  -9.3674112e-03
  -7.1523660e-03
  -2.5619166e-03
   1.2194080e-06
  -5.7509874e-03
  -8.8720899e-05
  -1.0526005e-02
  -5.1810455e-04
  -3.7565285e-03
   3.2116072e-03
  -2.0870424e-03
  -2.0507901e-06
  -6.6610279e-03
  -9.9107972e-03
  -2.6505645e-03
  -6.1995134e-03
  -2.7301812e-06
  -2.2083868e-03
   2.8433996e-06
  -3.2402299e-03
  -3.2970931e-03
  -1.5535660e-02
  -1.7964647e-06
  -4.4075864e-05
  -1.2988045e-06
  -1.8353273e-06
  -3.2269355e-03
  -1.0457624e-02
  -6.6930103e-03
  -9.9173914e-03
  -1.0158718e-02
  -2.0353010e-02
  -1.1863444e-02
  -5.0467277e-03
  -2.1078565e-02
  -9.6035779e-03
  -1.9872302e-02
  -1.9410381e-02
  -6.0278315e-03
  -7.3376857e-03
  -1.2595958e-02
  -1.7102197e-02
  -1.7683089e-02
  -4.4150105e-03
  -2.1257388e-02
  -1.5819380e-03
  -1.6765019e-02
  -2.0434060e-02
  -1.7795700e-02
  -1.4261241e-02
  -8.5086174e-03
  -1.3216235e-02
  -3.7924027e-03
  -2.7939744e-02
  -1.3782221e-02
  -2.5413111e-02
  -3.0003641e-02
  -3.4100436e-02
  -1.8386207e-02
  -2.7761047e-02
  -1.6470155e-02
  -2.5013961e-02
   3.2526191e-03
   3.9766784e-03
   1.9102815e-06
   1.5374781e-06
   2.2411603e-06
  -1.1477912e-03
  -7.8220857e-03
  -4.8567423e-03
  -4.8968745e-04
  -6.4312040e-03
  -2.5176752e-05
  -4.4891937e-03
  -9.1996336e-04
  -1.3854289e-02
  -9.6320699e-07
  -1.3749791e-03
  -2.8395252e-06
  -9.5078469e-07
  -3.6598407e-04
  -1.7429803e-06
  -7.5008052e-03
  -1.0343623e-02
  -1.1988898e-03
  -5.7935427e-03
  -8.4354707e-03
  -2.1439181e-03
  -1.5421126e-02
  -5.3539506e-03
  -1.8831918e-03
  -3.1652341e-03
  -7.9003460e-03
  -1.7852283e-06
  -5.7758124e-04
  -1.1285955e-03
  -5.1528050e-03
  -2.7262726e-03
  -3.5376648e-03
   1.5084742e-02
  -1.2500988e-02
  -2.8810190e-05
  -8.4813041e-03
  -2.6187926e-02
  -2.6178692e-03
  -9.3195295e-04
  -9.5221602e-03
  -2.2107153e-02
  -6.8972243e-03
  -1.6593790e-02
  -2.2699183e-03
  -6.2223384e-03
  -6.6081682e-03
  -1.9821831e-02
  -9.2097177e-03
  -1.9871008e-04
  -4.9898630e-03
  -3.6207363e-03
  -1.3648426e-02
  -9.2715490e-03
  -5.4072748e-05
  -4.5374574e-03
  -1.6353775e-02
  -2.0278883e-06
  -6.8739203e-04
  -9.1597659e-05
  -9.1861306e-03
  -1.4966691e-03
   2.9316989e-06
  -1.9561529e-03
  -6.0623550e-07
  -7.1744621e-03
  -1.3159915e-06
  -5.5522162e-03
  -1.5748110e-05
  -6.6583434e-03
  -1.9614245e-06
  -7.5448783e-03
  -1.3525748e-06
  -1.2730034e-02
  -3.7453256e-06
  -1.2324606e-02
  -1.0440250e-02
   2.4352569e-03
   8.9844842e-04
  -4.0216651e-06
  -1.1312646e-03
  -1.4122399e-02
  -4.6793953e-03
  -1.9409649e-06
  -1.1908580e-02
  -1.0840996e-02
  -2.0150703e-06
  -5.6499656e-03
  -4.8181367e-03
  -2.3346047e-03
  -5.7025418e-03
  -1.2865711e-02
  -8.2783991e-03
  -2.0579166e-03
  -3.4430089e-03
  -5.6601319e-07
  -6.8864762e-03
  -2.5418138e-03
  -7.6483942e-04
  -2.5249813e-03
  -3.3197501e-03
  -1.3402696e-03
  -2.1836397e-03
  -3.5871407e-03
  -1.4005539e-02
  -2.8067447e-06
   3.3616736e-06
  -3.6325511e-03
  -1.2710094e-03
  -1.0494968e-02
  -2.1666039e-03
  -1.7991452e-03
  -9.4513142e-03
  -4.1619454e-03
  -2.5634795e-03
  -1.6337017e-04
  -1.6929387e-02
  -3.7062770e-03
  -1.4687676e-02
  -4.2395364e-03
  -3.7811867e-03
  -2.1253515e-03
  -2.0327138e-03
   2.6745946e-06
   1.1343313e-02
   2.3776177e-03
  -9.5446681e-03
   5.8521439e-03
  -3.5262752e-03
  -3.0380027e-03
  -1.1532858e-02
  -9.5047854e-03
   9.2057593e-07
   9.7530198e-03
  -1.2034611e-02
   9.1504383e-04
  -6.8664211e-03
   1.1659769e-06
   1.2497841e-02
   3.1663451e-04
  -1.4898626e-02
   2.7533021e-07
  -9.8193665e-03
   5.1480878e-03
  -7.7381980e-07
   6.6471479e-03
   5.1303210e-03
   4.0027498e-06
   1.1730464e-06
   1.3480268e-02
  -1.5457293e-06
   3.2537232e-03
   1.4485273e-07
  -1.9780858e-06
  -9.2006544e-06
  -3.2633427e-03
  -2.2822522e-03
  -5.7970870e-03
  -1.1834365e-02
  -1.7348821e-06
  -7.6305234e-03
  -9.6426441e-03
  -3.7200140e-03
  -1.8769183e-04
  -4.5651801e-03
  -3.5858288e-03
  -1.8915830e-03
  -2.5000597e-06
  -1.3778436e-02
  -2.9053254e-03
  -4.1556487e-03
   3.3086362e-03
   1.8046401e-03
   2.1945591e-06
  -7.1171084e-04
  -1.0503246e-02
  -2.2442177e-03
   1.0106540e-02
  -9.6937722e-03
  -4.8078912e-03
  -2.3734078e-03
  -1.7883999e-06
  -1.0213819e-02
  -9.2384623e-03
  -2.9763071e-03
  -2.2954481e-03
  -8.4119712e-03
  -1.4364375e-02
  -1.0236048e-03
  -1.7363086e-03
  -9.1834357e-03
   1.4817336e-03
   6.2227164e-03
  -1.5950357e-03
  -1.0382365e-02
  -2.5484486e-02
   1.2118002e-02
  -1.9389291e-03
  -1.6257705e-03
  -1.1996788e-02
  -3.5076797e-02
  -1.0118878e-05
  -1.2995754e-03
  -1.7360160e-03
  -1.4237615e-02
  -5.8572283e-03
  -1.8707747e-03
  -2.0379083e-03
  -6.4503718e-03
  -3.9904189e-03
  -1.4856859e-06
  -7.6388227e-03
  -1.8233133e-02
  -7.0484019e-03
  -2.1988788e-06
   4.9181112e-04
  -8.4413664e-06
   6.8767867e-07
  -6.2067632e-04
   2.7402037e-03
  -6.5234460e-03
  -1.1052875e-06
  -5.1259184e-04
  -3.8113777e-06
  -1.3258947e-02
  -1.1335769e-02
  -1.0826451e-02
  -1.9813407e-02
  -6.4862030e-03
  -9.4316611e-03
  -8.9750365e-03
  -2.9932451e-03
  -7.8258988e-07
  -1.4859070e-02
  -1.0471435e-02
  -1.7310676e-02
  -3.1616208e-03
  -9.4563142e-03
  -1.1948433e-02
  -1.6657337e-07
   1.0891673e-02
   2.8797680e-03
   8.8409915e-03
  -9.5640835e-03
   8.9304601e-07
  -1.9836177e-05
   1.3121688e-03
  -3.8998255e-03
  -8.2239531e-04
  -1.1798701e-06
  -8.5355592e-07
  -5.1643157e-07
  -1.1974609e-05
  -1.2894852e-06
  -7.1723298e-04
  -1.7465897e-06
  -4.1203016e-03
  -2.1554175e-03
  -1.7086808e-06
  -2.9638522e-03
  -1.8793690e-06
  -1.5616258e-02
  -1.9943179e-03
   3.1981405e-06
  -8.9511410e-07
  -1.2260483e-06
  -7.7941401e-04
  -2.7452802e-02
   2.0229520e-03
   1.3020398e-02
   2.3104642e-02
   1.2003790e-03
   1.6752536e-02
  -5.3594654e-03
   4.6295453e-03
  -1.5791955e-02
   7.5793240e-07
  -9.0950266e-03
  -9.4420048e-03
   1.4146293e-03
  -1.5067903e-02
  -1.5478095e-02
  -7.6868997e-03
  -7.4642873e-03
  -1.5246843e-03
  -4.1731762e-03
  -1.9003628e-02
  -1.8691440e-02
  -5.1723655e-03
  -1.2375873e-02
  -1.4090025e-02
  -1.3872644e-02
  -5.2388592e-03
  -1.5350205e-06
   2.1061052e-03
  -1.0820375e-05
  -2.3838963e-03
  -5.1409541e-08
   4.5368421e-03
  -3.7530703e-03
  -1.0320274e-06
  -5.9817982e-04
  -5.2096793e-03
  -6.1398932e-04
  -4.2666522e-03
  -1.3630744e-02
  -8.8294015e-03
  -8.2224686e-03
  -2.4819235e-03
  -4.4005931e-03
  -1.5697955e-02
  -1.4384355e-03
