  -4.0357231e-02
  -4.1887062e-02
  -3.1821197e-02
  -3.5269041e-02
  -3.1598387e-02
  -3.8912018e-02
  -4.5992314e-02
  -2.9411499e-02
  -3.4599936e-02
  -2.5099578e-02
  -2.2394506e-02
  -4.6688455e-02
  -2.4272048e-02
  -1.4690954e-02
  -3.7557320e-02
  -1.4937854e-02
  -1.1099561e-02
  -2.4340932e-02
  -2.0390550e-02
  -2.0752475e-02
  -4.8279632e-02
  -1.7104222e-02
  -5.0330562e-03
  -2.8011718e-02
  -1.0711415e-02
  -4.5753146e-03
  -3.6760034e-03
  -1.5548596e-02
  -4.3282021e-02
  -9.6601993e-03
  -1.5037768e-02
  -7.1342166e-03
  -2.4220756e-02
  -3.3254911e-02
  -2.9099324e-03
  -4.7860899e-02
  -4.4695515e-03
  -1.5609512e-02
  -8.1501276e-03
  -7.9031646e-03
  -1.4947236e-02
  -4.6717792e-02
  -4.4541010e-03
  -1.4825196e-02
  -4.0418787e-02
  -1.3707415e-02
  -8.0434062e-03
  -1.8441407e-02
  -2.0589923e-02
  -1.6776447e-02
  -4.1828786e-03
  -3.0901715e-03
  -3.4120943e-02
  -8.8504227e-03
  -1.8673400e-02
  -1.1059374e-02
  -3.0160907e-03
  -1.5184907e-02
  -4.7125872e-02
  -1.1563297e-04
  -4.3832211e-02
  -5.5660881e-03
  -1.9569878e-02
  -2.6136396e-02
  -3.7102716e-02
  -3.9881971e-03
  -4.0442057e-03
  -9.9727374e-03
  -1.4605972e-02
  -1.6471930e-02
  -4.9325366e-03
  -2.9648229e-02
  -8.3532727e-03
  -3.4696947e-02
  -1.4340258e-02
  -1.5805176e-02
  -2.5784451e-02
  -1.4079925e-02
  -1.8030488e-02
  -2.4751238e-02
  -1.6613444e-02
  -5.3445005e-02
  -5.8749252e-02
  -6.3611101e-02
  -6.5391579e-02
  -5.5756119e-02
  -5.0070192e-02
  -6.5691824e-02
  -5.7176117e-02
  -6.4965890e-02
  -5.3536902e-02
  -5.4271625e-02
  -5.9497856e-02
  -6.4560952e-02
  -5.5745522e-02
  -5.3167513e-02
  -6.0771371e-02
  -6.0283973e-02
  -6.2403789e-02
  -6.2487977e-02
  -6.4385588e-02
  -6.4021243e-02
  -6.2685449e-02
  -6.4113950e-02
  -6.3898261e-02
  -5.8006252e-02
  -6.5043366e-02
  -6.0771554e-02
  -6.4462982e-02
  -6.4336444e-02
  -6.3869805e-02
  -6.4771897e-02
  -5.8982414e-02
  -5.4008945e-02
  -6.1312048e-02
  -5.7252080e-02
  -5.0293078e-02
  -5.5380039e-02
  -5.6066057e-02
  -5.3607490e-02
  -4.6650336e-02
  -4.6441027e-02
  -6.5897639e-03
  -5.1545716e-02
  -4.8801986e-02
  -5.2109394e-02
  -4.1817911e-02
  -7.0302280e-03
  -4.6944590e-02
  -4.2394146e-02
  -3.9777108e-02
  -6.0413186e-03
  -3.8089872e-02
  -4.0938135e-02
  -6.0922934e-03
  -7.1647774e-03
  -3.7230691e-02
  -3.7191803e-02
  -3.5192668e-02
  -3.3437535e-02
  -5.8918070e-03
  -3.1462449e-02
  -1.1755642e-02
  -3.4575535e-02
  -3.2990838e-02
  -8.1758298e-03
  -2.7162833e-02
  -2.7637391e-02
  -4.7625083e-03
  -2.6207195e-02
  -2.6520209e-02
  -2.5876215e-02
  -2.4491722e-02
  -5.1148900e-03
  -2.3362776e-02
  -2.6632104e-02
  -1.3888344e-02
  -2.2278981e-02
  -8.3235025e-03
  -2.2714985e-02
  -1.8150560e-02
  -1.8501802e-02
  -1.8553286e-02
  -1.8555752e-02
  -1.6397711e-02
  -1.6123477e-02
  -7.8849359e-03
  -3.5218066e-03
  -9.0504430e-03
  -1.3408097e-02
  -9.3269669e-03
  -8.3882874e-03
  -4.8795998e-02
  -5.3180796e-02
  -4.8694801e-02
  -5.0794577e-02
  -5.3071007e-02
  -5.8930167e-02
  -5.3364391e-02
  -5.5418261e-02
  -5.8848668e-02
  -5.3823352e-02
  -4.9397712e-02
  -5.4014938e-02
  -4.8346645e-02
  -3.9154469e-02
  -4.5429117e-02
  -3.7163616e-02
  -3.4829851e-02
  -2.9516124e-02
  -6.1023670e-02
  -2.8422089e-02
  -3.0884485e-02
  -5.9902606e-02
  -5.7200890e-02
  -5.6087014e-02
  -5.1160728e-02
  -2.9182638e-02
  -2.0327366e-02
  -5.0707657e-02
  -2.4166842e-02
  -4.6309819e-02
  -3.2124867e-02
  -4.0598778e-02
  -3.3466103e-02
  -1.3878975e-02
  -4.3369542e-02
  -2.6288781e-02
  -2.8303118e-02
  -1.9536356e-02
  -4.0184558e-02
  -3.5245217e-02
  -1.4764888e-02
  -2.2161448e-02
  -2.7835647e-02
  -1.1405019e-02
  -1.4952243e-02
  -1.9173334e-02
  -3.1819384e-02
  -2.4992464e-02
  -1.3686114e-02
  -1.9626399e-02
  -4.5721812e-02
  -3.5548610e-02
  -4.1964160e-02
  -3.7243712e-02
  -3.0512698e-02
  -3.2934121e-02
  -2.3876818e-02
  -5.7815920e-02
  -5.6693838e-02
  -5.5257609e-02
  -5.3858039e-02
  -5.9548220e-02
  -6.1904453e-02
  -6.4546128e-02
  -5.9615613e-02
  -6.3523979e-02
  -6.0871918e-02
  -6.3124474e-02
  -6.1824712e-02
  -6.2947275e-02
  -6.0245396e-02
  -6.0591476e-02
  -3.8163799e-02
  -4.6913860e-02
  -4.5224769e-02
  -5.0897446e-02
  -4.4177394e-02
  -5.4294719e-02
  -4.7494439e-02
  -4.8546437e-02
  -5.5758062e-02
  -4.8829224e-02
  -5.3946268e-02
  -5.7887037e-02
  -5.2347176e-02
  -5.7098149e-02
  -5.9806334e-02
  -5.3037858e-02
  -6.0455561e-02
  -5.4010787e-02
  -6.0477531e-02
  -5.7284023e-02
  -6.0154847e-02
  -5.5661586e-02
  -5.7947641e-02
  -3.8985192e-02
  -3.6538309e-02
  -5.0236640e-03
  -5.0926782e-03
  -3.6770331e-03
  -6.2341207e-03
  -7.1085491e-03
  -6.3955591e-03
  -1.0704512e-02
  -7.8891746e-03
  -1.3176033e-02
  -7.7903465e-03
  -1.0685183e-02
  -9.4634814e-03
  -1.4320024e-02
  -1.2595553e-02
  -8.3569753e-03
  -1.1921246e-02
  -7.8404736e-03
  -1.6722866e-02
  -1.2031017e-02
  -1.9746663e-02
  -1.5137462e-02
  -1.2248355e-02
  -8.2868635e-03
  -2.7126739e-02
  -5.6739833e-03
  -2.7421510e-02
  -2.0825661e-02
  -2.0281754e-03
  -4.7812443e-03
  -8.0156038e-04
  -3.8948682e-03
  -9.8561426e-03
  -2.1513944e-02
  -3.6221469e-02
  -4.4549076e-02
  -4.0033526e-02
  -3.5084442e-02
  -4.8793316e-02
  -2.9829433e-02
  -4.1771524e-02
  -3.7279769e-02
  -3.5130027e-02
  -4.5598922e-02
  -5.0510346e-02
  -2.7881977e-02
  -3.6760908e-02
  -4.3180812e-02
  -4.8691858e-02
  -3.3732375e-02
  -5.8503680e-02
  -5.6787586e-02
  -3.4861389e-02
  -4.8297913e-02
  -5.1758714e-02
  -5.4969833e-02
  -4.1393268e-02
  -5.2097705e-02
  -4.6235968e-02
  -4.9147590e-02
  -3.3894554e-02
  -3.7884908e-02
  -4.5017487e-02
  -3.9762355e-02
  -5.8036723e-02
  -5.6320860e-02
  -6.0564927e-02
  -6.2383709e-02
  -3.4559002e-02
  -3.9239703e-02
  -4.6749941e-02
  -4.0410268e-02
  -5.0248423e-02
  -3.2996606e-02
  -4.6893021e-02
  -5.6276048e-02
  -5.1998890e-02
  -4.1267002e-02
  -5.4378993e-02
  -5.7537158e-02
  -3.5546638e-02
  -4.8221259e-02
  -5.1919220e-02
  -4.6475616e-02
  -5.4516748e-02
  -5.0898984e-02
  -5.1925840e-02
  -4.3719050e-02
  -5.1377844e-02
  -2.8617352e-02
  -3.8361149e-02
  -4.2001716e-02
  -1.3944274e-02
  -1.4388732e-02
  -1.2043644e-02
  -1.2141501e-02
   1.7200519e-03
   5.7032879e-04
   2.5707114e-03
   2.5375896e-03
   3.0490356e-03
   3.2923504e-03
  -4.6434856e-03
  -3.4945931e-03
  -7.7641245e-03
  -8.4480217e-03
  -5.7036863e-02
  -5.9514551e-02
  -6.0916680e-02
  -5.2927574e-02
  -5.3852002e-02
  -5.8221048e-02
  -6.0540297e-02
  -4.8072510e-02
  -4.9606755e-02
  -5.2220934e-02
  -5.5019162e-02
  -3.8561954e-02
  -5.8946105e-02
  -4.4346755e-02
  -4.7894796e-02
  -5.1405556e-02
  -3.7146428e-02
  -5.4509055e-02
  -4.2678064e-02
  -4.5667073e-02
  -5.2667176e-02
  -5.6467027e-02
  -5.1267426e-02
  -4.5750325e-02
  -5.8367277e-02
  -5.1421654e-02
  -6.1258151e-02
  -5.8507275e-02
  -6.2603705e-02
  -5.6499144e-02
  -6.3647140e-02
  -5.9998986e-02
  -6.3854922e-02
  -6.2113895e-02
  -6.4538625e-02
  -6.2760167e-02
  -6.4286519e-02
  -6.4091686e-02
  -6.2774991e-02
  -6.4937531e-02
  -6.2965279e-02
  -3.2188680e-02
  -3.7668098e-02
  -3.4137359e-02
  -3.8255716e-02
  -6.2919526e-03
  -3.4209451e-02
  -5.8182338e-03
  -4.3279469e-02
  -2.9578945e-04
  -6.9022538e-03
  -4.4641506e-02
  -1.9386956e-02
  -3.6585550e-03
  -2.9535916e-02
  -4.6477227e-02
  -1.1748891e-02
  -5.0688897e-02
  -5.2455828e-02
  -7.0519779e-03
  -5.5164957e-03
  -5.4766682e-02
  -2.2348955e-02
  -4.1694274e-04
  -1.2998713e-02
  -1.5874053e-04
  -2.8947454e-02
  -6.0893627e-03
  -4.8242483e-03
  -2.1918183e-02
  -1.1199009e-02
  -3.2465709e-02
  -5.9679453e-03
  -7.9886739e-03
  -2.0490247e-02
  -3.1327840e-02
  -4.9813826e-02
  -4.4751270e-02
  -3.7385515e-02
  -8.0832569e-03
  -1.4861681e-02
  -2.8701535e-02
  -4.7256494e-02
  -4.2021183e-02
  -3.5806643e-02
  -3.5575835e-02
  -1.1507792e-02
  -2.0088209e-02
  -2.8500298e-02
  -9.5517176e-03
  -1.9351382e-02
  -8.0448274e-03
  -1.5862556e-02
  -6.0737290e-03
  -1.7377862e-02
  -1.0216988e-02
  -3.5729421e-03
  -1.8585300e-02
  -9.0722349e-03
  -1.7435175e-02
  -1.0078128e-02
  -5.6446347e-03
  -1.2057148e-02
  -1.2043865e-02
  -1.0220132e-02
  -1.0324736e-02
  -7.1133796e-03
  -1.2245727e-02
  -9.1438246e-03
  -3.9380251e-03
  -1.0310045e-02
  -4.5829214e-03
  -4.0240408e-03
  -1.1461114e-02
  -8.5241689e-03
  -8.1612065e-03
  -1.1655065e-02
  -8.6918984e-03
  -9.6444415e-03
  -1.1443400e-02
  -1.0341641e-02
  -9.7251412e-03
  -1.1302502e-02
  -3.4749330e-02
  -2.8324291e-02
  -2.7488567e-02
