   6.8743625e-03
   1.7835045e-02
   4.8415755e-03
   2.3285491e-02
   1.1514701e-02
   3.0770394e-02
   2.1949489e-02
   2.3458747e-02
   2.8606490e-02
   2.3598790e-02
   2.2307019e-02
   2.9600653e-02
   1.1649899e-02
   1.0113767e-02
   2.5015729e-02
   1.3862810e-02
   8.4144459e-03
   1.5142975e-02
   1.3079217e-02
   7.5951208e-03
   2.6401599e-02
   4.4793916e-03
  -5.6518625e-04
   1.5774112e-02
   2.8410712e-03
  -1.5206783e-03
  -1.0282666e-03
  -1.1180450e-04
   2.7068210e-02
   1.0115759e-03
   1.5662994e-03
  -4.1331527e-03
   1.0160399e-02
   2.6148714e-02
  -1.0182753e-03
   2.2452846e-02
  -3.4545342e-03
  -3.9209942e-04
   2.0067343e-03
   3.0268502e-04
   6.3212793e-03
   2.1773866e-02
   1.4724339e-04
   2.5967119e-03
   2.9490967e-02
  -1.7985666e-04
  -9.8742707e-04
   1.4029315e-02
   1.5064745e-02
   1.0697681e-03
   3.1376723e-04
   6.5309674e-04
   3.3181810e-02
   8.5817156e-03
   1.6271968e-02
  -4.2835462e-03
  -3.2211386e-03
   1.0757077e-02
   2.1408619e-02
  -4.5949709e-04
   3.2162889e-02
   8.8601370e-03
   2.1714932e-02
   1.6577393e-02
   2.7021354e-02
   6.0526767e-03
   9.8924546e-03
   1.1499183e-02
   1.2342057e-02
   1.0715011e-02
   8.8650653e-03
   2.9448869e-02
   1.3567089e-02
   2.3610839e-02
   1.2603689e-02
   1.0393055e-02
   1.9270739e-02
   1.0163673e-02
   7.6715396e-03
   8.8779288e-03
   1.0459871e-02
  -3.0544287e-02
  -2.7124221e-02
  -1.6030989e-02
  -1.3751954e-02
  -3.1866355e-02
  -2.8436953e-02
  -1.0754694e-02
  -1.1072417e-02
  -6.3463015e-03
  -3.2571885e-02
  -1.7562038e-02
  -5.7261557e-03
  -3.9168981e-03
  -9.7513626e-03
  -2.0010775e-02
  -4.3372927e-03
  -7.6137764e-03
   4.2119287e-03
   8.7911767e-03
   1.6541675e-03
  -3.4898255e-03
  -1.4016487e-02
  -1.4791112e-03
   2.1633770e-03
   2.1273908e-03
  -5.2166941e-03
  -2.9483650e-02
   3.9767640e-03
  -2.0348413e-02
   8.2998332e-04
  -2.8360426e-03
  -3.4226594e-02
  -2.9942906e-02
  -2.9090835e-02
  -3.1088769e-02
  -2.2782882e-02
  -3.2992570e-02
  -2.8124566e-02
  -1.8420019e-02
  -1.9551390e-02
  -2.1776557e-02
   1.2489193e-02
  -3.0518319e-02
  -2.8580206e-02
   7.1550444e-03
  -1.6506670e-02
   5.3743013e-03
  -2.1401027e-02
  -2.5771721e-02
  -2.3226129e-02
   9.8895437e-04
  -1.5996611e-02
  -2.3718088e-02
  -1.2888952e-03
  -4.9113468e-04
  -2.7212874e-02
  -2.4394995e-02
  -1.1008186e-02
  -3.4109970e-03
   7.0645546e-04
  -9.5492514e-03
   3.7196017e-03
  -3.7594316e-03
  -2.6407916e-02
  -5.0149688e-03
  -1.3898909e-02
  -1.7941064e-02
  -9.4162532e-03
   2.6370215e-03
   7.0165626e-03
  -2.1285772e-02
  -2.1475779e-02
  -6.2091901e-03
  -6.3105600e-03
  -5.8717581e-04
  -6.9559943e-04
  -2.1993436e-02
  -7.7969435e-03
   7.7607242e-03
  -1.3199180e-02
  -1.0454621e-02
  -1.2008899e-02
  -3.4199956e-03
  -1.2313175e-02
  -1.8532380e-02
  -1.9918156e-02
  -1.2410924e-02
  -1.4033080e-02
  -1.6269805e-02
  -2.2019518e-02
  -8.1747004e-03
   1.5647756e-02
   1.8164621e-02
   2.3044590e-02
   2.4604511e-02
   2.5602478e-02
   1.6991287e-02
   2.3215125e-02
   1.9347353e-02
   9.5614264e-03
   1.9222855e-02
   2.2599397e-02
   2.0194685e-02
   2.4180382e-02
   2.2263947e-02
   2.2881245e-02
   1.9288288e-02
   3.2288001e-02
   2.9656756e-02
   7.6629210e-04
   2.8078564e-02
   3.2121889e-02
  -5.9373821e-03
   1.0220816e-02
   1.7196832e-03
   1.4341577e-02
   2.0549125e-02
   1.2681176e-02
   1.5888031e-02
   2.3158557e-02
   1.3329454e-02
   1.3203009e-02
   1.4802194e-02
   1.5771680e-02
   1.4970997e-02
   8.3306457e-03
   4.9675761e-03
   7.0343935e-03
   8.7772075e-03
   3.2952253e-03
  -4.8386995e-04
   1.3251860e-02
   6.0465498e-03
   1.2537252e-03
   1.2052935e-02
   1.5451580e-02
   1.0062832e-02
  -1.0615492e-03
   2.4189827e-03
   2.1328339e-03
   6.4410162e-03
  -1.5151826e-02
  -1.9341636e-02
   7.1491191e-04
   8.5347118e-03
  -5.2322777e-03
   5.3557980e-03
  -2.3427583e-02
  -2.1398536e-02
  -3.0641557e-02
  -8.8381024e-03
  -2.4189842e-02
   1.0680686e-02
   1.8776493e-03
  -4.2659069e-03
   9.8938559e-03
  -3.3237385e-03
  -1.8873262e-03
  -3.3574691e-03
  -3.6897561e-03
  -1.1164301e-02
   1.4454358e-02
   2.2263685e-02
  -1.8209376e-02
  -1.4315757e-02
  -3.6170064e-02
   2.4101237e-03
  -1.3642517e-02
  -1.3461822e-02
  -2.5447375e-02
  -3.7820234e-02
  -1.3114589e-02
  -1.5261629e-02
  -4.5895191e-03
  -1.0677231e-02
  -1.8186768e-02
  -9.4771707e-03
   1.7275283e-03
  -2.4484738e-02
  -1.6601845e-02
  -2.6318924e-02
  -1.3406421e-02
  -2.8082561e-02
  -2.6618802e-02
  -2.8186282e-02
  -3.2373604e-02
  -2.4554227e-02
  -2.7318000e-02
  -1.0136682e-02
  -4.3888787e-03
  -6.2676633e-04
   3.0766378e-03
   1.2064405e-02
  -8.3251368e-03
   2.0175682e-02
   1.7421022e-02
   2.1755427e-02
  -2.8083061e-03
   1.8038450e-02
   1.2443668e-02
   1.6505117e-02
   1.3101142e-02
  -1.1035158e-02
   7.5060873e-04
  -1.5495328e-02
  -2.4549382e-02
  -2.1147642e-02
  -2.8419674e-02
  -9.3511990e-03
  -4.2785390e-02
  -2.5116652e-02
  -3.6813195e-02
  -3.5936315e-02
  -2.0173998e-02
  -2.2964763e-02
  -3.2749425e-02
  -3.8497048e-02
  -3.5582489e-02
  -1.9232237e-02
  -3.4913131e-02
  -2.8036914e-02
  -2.1419094e-02
  -2.2616338e-02
  -1.9431588e-02
  -1.8550278e-02
  -1.6848302e-02
  -2.3675044e-02
  -1.7332550e-03
  -3.5878950e-02
  -2.2465792e-02
   8.1422546e-03
  -6.3048895e-03
  -1.2052816e-02
  -3.7767174e-04
  -1.0856016e-02
  -1.4179842e-02
   1.8395464e-02
  -1.2858638e-03
   6.3237176e-03
   1.4366121e-02
   7.2101227e-03
   5.5987382e-03
  -2.4582857e-03
   1.8082155e-02
   2.4143095e-03
   1.9741499e-02
   1.5205501e-02
   2.1492742e-02
   2.4255082e-02
   2.2646972e-02
   2.2780481e-02
   6.6648969e-03
   1.1332461e-02
   1.1303522e-02
   4.9838937e-03
  -5.3626952e-03
  -2.6561954e-02
  -3.0193959e-02
  -2.5289260e-02
  -3.6582386e-02
  -1.9986939e-02
  -1.4717143e-02
  -3.0912445e-02
  -2.1132397e-02
  -3.2471310e-02
  -2.9502765e-02
  -1.3358337e-02
  -2.5272770e-02
  -2.5537948e-02
  -1.2099600e-02
  -3.0089958e-02
  -4.7730882e-03
  -2.1761206e-02
  -4.8098286e-03
  -2.6006636e-02
  -4.6738221e-03
  -2.3460886e-02
  -3.3137479e-02
  -2.1023462e-02
   2.2380607e-02
   1.7790028e-02
   1.5549333e-02
   1.8992444e-02
  -1.8273510e-02
  -7.8035099e-03
  -1.3561556e-02
  -1.8285990e-02
  -1.5148864e-02
  -1.9038239e-02
   1.3945779e-02
   7.8540924e-03
  -1.9008819e-02
  -1.3979227e-02
   2.3492165e-02
   2.3506226e-02
   2.8533534e-03
   2.2438731e-02
   2.5037953e-02
   1.3602061e-02
   4.8723819e-03
   1.7376988e-02
   2.2891197e-02
   2.1659037e-02
   9.5310749e-03
   1.8626248e-02
   1.2106129e-02
   1.6979010e-02
   1.4180828e-02
   8.2689553e-03
   1.1504749e-02
   1.2100866e-02
   7.5035618e-03
  -2.6822083e-02
  -1.5731046e-02
  -2.5723566e-03
  -2.2322690e-02
  -3.8442270e-02
  -1.3697730e-02
  -3.0998185e-02
  -3.9442755e-05
  -8.6820343e-03
  -7.7091876e-03
  -1.4063657e-02
  -1.3113073e-04
   7.5775550e-03
   7.1346326e-03
  -7.5064727e-03
   2.5636015e-03
   1.2324278e-02
  -1.7919087e-03
   1.4403309e-02
   2.9051379e-03
   6.1717669e-03
   1.7341113e-02
  -2.3849065e-02
  -2.6291279e-02
  -3.4170359e-02
  -3.7020945e-02
  -1.6368991e-02
  -3.7381867e-02
  -2.6074704e-02
  -3.6251576e-02
  -2.8220077e-02
  -1.6535478e-02
  -3.6788435e-02
  -2.8804067e-02
  -2.4397659e-02
  -1.7034247e-02
  -3.2156432e-02
  -3.2558434e-02
  -3.8502969e-02
  -2.2325881e-02
  -2.6528982e-02
  -1.8320584e-02
  -3.2286440e-02
  -3.0341792e-02
  -2.6233689e-02
  -3.5237971e-02
  -1.9619492e-02
  -2.9021168e-02
  -2.4581280e-02
  -1.5259885e-02
  -3.5057688e-02
  -3.8376741e-02
  -2.3398291e-02
  -1.7721996e-02
  -3.2537182e-02
  -3.6432602e-02
  -2.4853703e-02
  -1.3235594e-02
  -2.7648524e-02
  -1.7774546e-02
  -2.9500085e-02
  -3.8164078e-02
  -2.5429862e-02
  -1.7691507e-02
  -2.9199237e-02
  -2.7503648e-02
  -3.4861092e-03
  -3.0993745e-02
  -3.3218844e-02
  -2.7415625e-02
  -2.8711410e-02
  -3.0095833e-02
   3.2854925e-03
   2.2664065e-02
   8.4409406e-03
   2.6215177e-02
   2.0218606e-02
   5.2823382e-03
   2.5665911e-02
   2.3021984e-02
   2.1670420e-02
   2.2990677e-02
   1.5613396e-02
   3.0099438e-02
   1.9208132e-02
   2.4979844e-02
   2.7874945e-02
   1.8434423e-02
   2.9135309e-02
   2.7937240e-02
   6.4650768e-03
   2.5418208e-02
   9.6857654e-03
   7.6054712e-03
   2.5828515e-02
   2.2127299e-02
   1.3174426e-02
   2.3485798e-02
   1.6390930e-02
   2.4409632e-02
   2.0396102e-02
   2.1644758e-02
   1.6791949e-02
   2.1367263e-02
   7.6716160e-03
   5.6788613e-03
   6.7645544e-03
