   1.0064415e-02
   2.6548056e-02
   1.8043176e-02
   1.3889965e-02
   3.3645976e-02
   3.6359452e-02
   2.5025637e-02
   3.3522881e-02
   2.9904352e-02
   1.1331869e-02
   3.7251437e-02
   2.9465012e-02
   1.0013821e-02
   1.7166285e-02
   2.1087272e-02
   3.2847488e-02
   1.3866740e-02
   8.4391859e-03
   8.2948038e-03
   2.1995757e-02
   3.5332882e-02
   1.6496311e-02
   1.0513262e-02
   9.1480710e-04
   1.9050986e-03
   3.0844117e-02
   5.5119696e-03
  -2.6190196e-03
   3.1261857e-03
   1.5836019e-02
   1.7051272e-03
  -3.3221252e-03
  -3.8173992e-03
   3.0986910e-02
   3.3449714e-02
  -2.8455108e-03
   3.5980425e-03
   1.4279687e-03
   2.7989814e-02
  -3.9424970e-05
   3.4591528e-03
   1.5630006e-02
   2.6115078e-03
   1.7061064e-03
   1.0773972e-02
   3.6779155e-03
  -1.2688090e-03
   1.0622286e-02
   3.2893729e-02
  -4.6951323e-04
   2.6145011e-02
   4.1944465e-02
   8.7226887e-03
   3.4582105e-03
  -2.1215318e-03
   3.6692768e-02
   1.9416791e-03
   1.4390607e-02
   8.4981735e-03
   3.2057523e-02
   1.5492329e-02
   2.6421640e-02
   4.0486114e-03
   7.0017168e-03
   6.8537352e-03
   2.9992137e-02
   1.9884464e-02
   1.4824161e-02
   3.8198362e-02
   7.6721676e-03
   1.4063255e-02
   2.7138026e-02
   1.4749734e-02
   2.7229755e-02
   8.5043242e-03
   3.8235194e-02
   2.6864754e-02
   1.3379301e-02
   1.5054892e-02
   1.9366729e-02
   1.1133868e-02
  -2.7501491e-02
  -1.3983556e-02
  -2.0730214e-02
   3.9686291e-03
  -9.8061239e-03
  -2.1512133e-02
  -2.6293349e-04
  -6.1585526e-03
  -2.1941515e-02
  -6.8494073e-03
  -9.1238479e-03
   3.2580061e-03
   3.0311956e-02
   1.4473855e-02
  -2.5749104e-03
  -1.4083880e-02
   1.0212532e-03
   6.2788816e-03
   1.3098321e-02
  -1.4366823e-02
  -1.8534763e-03
  -1.9287392e-03
   2.8973146e-03
   3.3382300e-03
   9.4980109e-03
   4.4806233e-03
   1.4019939e-02
   8.8413732e-03
   8.6572187e-03
  -9.6465949e-03
   2.0483103e-02
   7.3514701e-03
   1.0483422e-02
  -1.2841317e-02
  -2.3690904e-02
  -2.1588792e-02
  -6.2441448e-03
  -1.0419071e-02
   4.5062294e-04
  -1.8996233e-02
  -2.0672309e-02
  -1.0718378e-02
  -6.6523292e-03
   2.5970532e-03
   3.6814142e-03
  -1.8534616e-02
  -1.9434769e-02
  -7.8471045e-03
  -1.0809514e-02
   2.5792311e-03
   1.5872403e-02
   1.0381922e-02
   4.5333800e-03
  -8.5649216e-03
  -5.6846383e-03
  -1.9362870e-02
   1.2157418e-02
  -1.8675347e-02
  -9.9436345e-03
   1.3994011e-02
  -1.0417765e-02
  -4.3895300e-03
  -1.2207243e-02
   1.0747757e-03
  -1.7646037e-02
   3.9237716e-03
   4.7245123e-03
  -1.5047147e-02
   1.3189467e-02
  -8.0586273e-03
  -7.4805773e-04
   1.4662570e-02
  -1.4961703e-02
   2.6273759e-03
  -2.0400878e-02
   4.1683319e-03
  -1.2936926e-03
  -4.4424904e-03
  -9.7805545e-03
  -1.0757454e-02
  -3.6352464e-03
   5.2831172e-03
  -4.9681237e-03
  -1.6791117e-02
  -8.0432492e-03
  -6.4571763e-03
   1.0888611e-02
  -6.6223777e-03
  -9.3125890e-04
  -1.3779208e-02
  -1.2366889e-02
  -8.0785442e-03
  -5.5848037e-03
  -2.6296676e-03
  -1.5542512e-02
  -7.8424831e-03
  -4.3920771e-03
  -8.8287263e-03
  -1.7014388e-02
  -1.2872648e-02
  -8.3580209e-03
  -2.0020420e-02
  -8.8100521e-03
   1.3203460e-02
   2.4682972e-02
   2.9017341e-02
   3.3838013e-02
   2.1079510e-02
   3.2868844e-02
   1.8559337e-02
   3.0348151e-02
   3.5526164e-02
   3.5376571e-02
   3.2291676e-02
   2.7997097e-02
   2.6848226e-02
   8.1959034e-03
   3.5189561e-02
   3.8230086e-02
   8.2931661e-03
   5.1066428e-03
   2.6136863e-02
   2.0828629e-02
   2.1587540e-02
   2.7269138e-02
   2.4167691e-02
   2.0612846e-02
   2.7874305e-02
   2.3367544e-02
   1.5921969e-02
   2.3593216e-02
   2.4409426e-02
   1.8020352e-02
   2.1543913e-02
   1.6412947e-02
   1.8874898e-02
   2.1473894e-02
   1.7468699e-02
   1.5969418e-02
   1.0886666e-02
   2.1221549e-02
   1.0755328e-02
   1.6084607e-02
   1.8499660e-02
   3.8239649e-03
   7.6947722e-03
   8.7085415e-03
   9.0211966e-03
   1.3160269e-02
   1.1868066e-02
   3.4824357e-03
   6.8056072e-03
   9.4950342e-03
   3.6511866e-03
   6.5652931e-03
  -1.4717502e-03
   7.2852636e-03
   1.3847044e-02
  -3.3072672e-03
   1.4929399e-02
  -2.9993931e-03
  -4.4635482e-03
   6.0010494e-03
  -1.8710217e-02
   1.4865740e-02
   2.7322164e-02
   3.0367573e-02
   3.1295101e-02
   2.5886584e-02
   5.1586542e-03
   2.2363158e-02
   7.4232149e-03
   1.8532428e-02
   7.9341416e-03
   1.0672276e-02
   2.3046457e-02
   1.4402581e-02
   9.8228717e-03
   1.0801685e-02
   9.4849046e-03
   1.0120336e-02
   1.8679984e-03
  -1.2665731e-02
  -1.8144829e-02
  -1.7167173e-03
  -9.8818485e-03
  -2.0142814e-02
   4.3922737e-03
  -1.8347796e-02
   9.5005539e-03
  -1.3670885e-02
  -5.5903796e-03
  -1.8091238e-02
  -5.9633402e-03
   1.1562295e-02
   1.8240914e-03
  -7.5173730e-03
   1.1421931e-02
  -1.1787610e-02
   3.2323926e-03
  -1.0287460e-02
   1.2496198e-02
  -1.4522697e-02
  -4.1562279e-03
  -1.5819782e-02
  -1.1095690e-02
  -1.1584623e-02
  -2.0282117e-02
  -1.6424379e-02
  -1.2746208e-02
  -1.2458240e-02
  -6.9315915e-03
   1.8204038e-03
  -1.1135375e-02
   3.1840350e-03
   1.3953545e-02
   1.4969352e-02
   1.9121041e-02
   2.1017043e-02
   2.5307289e-02
  -6.8549163e-03
   2.3838629e-02
   2.0282210e-02
   2.1486713e-02
  -1.7739950e-02
   9.6671002e-03
  -1.4216969e-02
   1.8363734e-03
  -2.2400647e-02
  -8.6731900e-03
  -2.3554056e-02
  -5.8807772e-03
  -2.1834508e-02
  -6.3117757e-03
  -1.7221471e-02
  -1.2868189e-02
  -2.0455567e-02
  -3.7586905e-02
  -3.6707199e-02
  -3.7120885e-02
  -3.0118258e-02
  -1.8914979e-02
  -3.0932727e-02
  -1.9307933e-02
  -1.4023421e-02
  -2.5396771e-02
  -7.6341342e-03
  -5.3817939e-03
  -9.6231552e-03
  -1.4990577e-02
  -1.9754155e-02
  -5.0126067e-03
   9.7653706e-03
  -2.7025021e-02
  -3.6634158e-03
  -7.2767703e-03
   1.3341207e-02
  -8.0247361e-03
   5.3476826e-03
   6.0877933e-03
  -2.2132242e-02
   1.9572959e-02
   1.8361537e-02
   2.0703237e-02
   2.1318495e-02
   1.5242527e-02
   3.2952037e-03
   2.0715904e-02
   1.9767113e-02
   1.1747243e-02
   1.9437251e-02
   1.8624433e-02
   2.3201922e-02
   1.9075842e-02
   2.7140871e-02
   3.2005298e-02
   2.6907955e-02
   3.1172773e-02
   1.7434180e-02
   1.0538960e-02
   2.3283182e-02
   1.3766202e-02
  -1.7306235e-02
  -1.3267845e-02
  -1.3340328e-02
  -2.3200894e-02
  -2.7784439e-02
  -1.1937403e-02
  -1.6930173e-02
  -1.6326221e-02
  -1.8642436e-02
  -1.4181882e-02
  -1.1385353e-02
  -2.5489539e-02
  -2.5348103e-02
  -3.3865047e-03
  -2.1313502e-02
  -2.2636977e-02
  -5.6584797e-03
  -4.1892292e-03
  -2.3367038e-02
  -2.0589691e-02
  -2.1011020e-02
  -1.5392558e-02
   2.7317141e-03
  -1.8057474e-02
   6.7749278e-03
  -1.7350522e-02
  -4.0266993e-03
   3.1419500e-03
  -2.1840879e-02
  -2.3835115e-02
  -1.0609654e-02
  -2.2377571e-02
  -1.7417384e-02
   6.0233714e-03
  -2.5447909e-02
  -1.3106826e-02
   2.6076395e-02
   1.7395570e-02
   1.7289232e-02
  -1.5060302e-02
  -2.6827020e-02
  -1.0603115e-02
  -2.1463312e-02
  -1.5593188e-02
  -1.2089002e-02
  -2.8364931e-03
  -1.8357086e-02
  -2.7096603e-02
  -1.5808797e-02
   2.5168182e-02
   3.3381180e-02
   3.5471096e-02
   2.6104273e-02
   2.9643149e-02
   3.5114663e-02
   2.8841887e-02
   3.2261281e-02
   2.2351816e-02
   2.9719402e-02
   3.1170456e-02
   2.6345645e-02
   2.2064641e-02
   2.1560263e-02
   1.8389265e-02
   1.7884276e-02
  -1.9737305e-02
  -4.3186926e-04
  -4.7337081e-03
  -1.4931184e-02
  -3.0635707e-02
  -5.9342014e-03
   7.0259878e-03
  -7.4120183e-03
  -2.1483211e-02
   8.5507508e-03
   8.4246166e-03
   4.1608535e-03
   1.6003169e-02
   1.7476044e-02
   1.0905670e-02
   2.0179836e-02
   2.5356297e-02
   2.3152326e-02
  -2.7534962e-02
  -1.9327079e-02
  -3.3173094e-02
  -2.1135528e-02
  -3.2468344e-02
  -2.8455731e-02
  -1.9511626e-02
  -2.8446545e-02
  -2.7394015e-02
  -1.9178475e-02
  -1.8855468e-02
  -1.9440650e-02
  -2.1901182e-02
  -2.9117196e-02
  -1.7005854e-02
  -2.7682111e-02
  -1.6513328e-02
  -2.5861165e-02
  -2.8344785e-02
  -3.1075488e-02
  -2.2724165e-02
  -2.8621698e-02
  -3.3105670e-02
  -3.2046463e-02
  -2.4930804e-02
  -2.0825102e-02
  -1.0738611e-02
  -3.5090470e-02
  -2.3615374e-02
  -3.6521832e-03
  -3.2542557e-02
  -1.2514024e-02
  -2.4568160e-02
  -2.8628941e-02
   2.2770800e-02
   2.7039506e-02
   1.7936095e-02
   3.3414090e-02
   1.0820549e-03
   2.6296069e-02
   2.0918023e-02
   2.3507290e-02
   2.4120363e-02
   3.4384039e-02
   1.9114885e-02
   3.5507074e-03
   2.8961184e-02
   5.5093283e-03
   2.5667793e-02
   2.9861657e-02
   2.4428046e-02
   2.5787964e-02
   1.6422436e-02
   2.4219875e-02
