  -5.8358988e-06
  -1.4192444e-04
   1.3806609e-02
   2.6853411e-02
  -1.0601829e-02
  -3.6508757e-02
  -2.6892759e-02
  -1.1647286e-02
  -2.8074962e-02
  -7.1350610e-03
  -4.5741994e-02
  -5.3689066e-02
  -8.9707452e-03
   4.7151677e-02
  -3.8887376e-07
  -4.6580179e-03
   6.8973668e-03
  -2.9206212e-03
  -2.8238079e-07
   4.3257268e-03
  -1.7717568e-03
  -1.2403039e-03
   7.6228067e-02
  -5.3097206e-03
   4.1880643e-03
   1.1264011e-01
   1.2612686e-01
   8.6401343e-02
  -5.2577926e-03
   1.1369565e-01
   1.6845627e-02
   5.3258117e-02
   4.5578891e-03
  -2.9365991e-02
   1.0961658e-01
  -1.1878780e-02
   1.0343471e-01
   1.9171078e-02
   9.2578953e-02
   1.0393156e-01
   1.7757619e-06
  -9.5648422e-03
   1.0303783e-01
   4.3229666e-02
  -2.8473965e-02
   8.5705130e-02
   6.8419098e-02
  -2.0195138e-02
  -1.5043391e-02
   2.5859439e-02
   8.0590215e-02
   1.4175161e-01
  -3.8035661e-02
   1.9739939e-02
  -1.4382677e-02
   5.8199641e-02
   9.2818161e-02
   1.7621685e-06
  -1.0563510e-02
   1.4206223e-01
  -2.0108566e-02
   1.1748350e-02
  -2.7137120e-02
  -1.8848354e-03
  -6.1625347e-03
   3.5164637e-03
   1.9164144e-05
  -1.9676128e-04
  -2.5596337e-02
   5.9619179e-03
  -2.6023263e-06
  -7.5575375e-02
   3.3175531e-03
  -1.0630079e-05
  -2.2223765e-02
  -2.5635981e-03
  -2.3593974e-02
  -7.2742596e-07
   1.1223385e-02
   1.6462905e-06
   1.0618181e-02
   1.6128796e-02
   4.9303382e-02
  -5.4042835e-04
   1.4360402e-06
   2.0103093e-02
   3.1043913e-02
   1.4255263e-02
   3.8457340e-07
  -2.9845673e-03
   1.1361649e-01
   5.7962450e-02
   2.1854736e-03
   1.5427550e-02
   1.6006887e-03
   1.7863309e-02
   1.8156517e-06
  -2.3880910e-06
  -1.2013401e-02
  -3.2138809e-03
  -7.8116277e-03
  -3.7650158e-03
   2.8781976e-02
   8.6008381e-07
  -1.7111653e-02
  -1.8024800e-02
   2.6636888e-06
   5.8921639e-02
  -9.5300170e-03
   2.2451519e-02
  -1.4325825e-02
  -1.2158386e-02
   1.9915672e-02
   1.7796673e-02
   1.6768027e-02
   9.7202688e-03
   3.2712720e-02
   2.3437702e-02
   9.7183232e-07
   5.9458431e-07
   5.6556002e-02
  -1.3667068e-06
  -3.9240352e-02
   3.8217495e-02
   3.7259786e-02
  -2.5085061e-02
   2.6934211e-03
  -3.0634166e-03
   3.4232353e-02
   1.2594029e-02
   5.1055390e-02
  -6.4189100e-03
   3.2099629e-02
   3.9596029e-02
   3.6649587e-03
   1.3300348e-03
   4.6939926e-02
   7.9224951e-02
   2.1576747e-02
   2.5820197e-02
  -9.7446908e-03
   6.6271625e-07
   8.3596562e-04
  -1.2554857e-02
   5.1993126e-02
   7.8372954e-07
   7.4233852e-02
   5.9951107e-03
   1.1128497e-02
  -4.1632725e-03
  -6.5962911e-03
   4.8850606e-03
   9.2876619e-02
   9.4589954e-03
   1.6816328e-02
   1.2304825e-06
   1.1035593e-02
   2.6061064e-02
   1.6597838e-02
   1.6011262e-02
   5.1981902e-07
   1.4989481e-02
   3.6113301e-03
   2.9294910e-02
   8.7446349e-02
   2.5133435e-02
   2.5914655e-02
   6.5375172e-02
   2.8802403e-02
   4.7991104e-02
   1.0869579e-01
   7.1042613e-02
  -3.7509196e-02
  -6.2594106e-02
  -6.2605267e-02
  -3.8087974e-02
  -2.1033249e-02
  -2.2659431e-02
  -1.3825358e-02
  -6.3536039e-03
  -5.9026713e-03
  -4.2064254e-02
  -2.3685932e-02
  -1.6678866e-02
  -1.2271915e-06
   1.8624225e-02
  -7.0305884e-07
   2.0391758e-02
  -1.5118294e-03
  -4.1406538e-02
   2.9415069e-03
  -6.1126878e-03
  -3.3323530e-02
   8.7980066e-07
  -9.6701230e-03
   1.4276466e-02
  -5.7408910e-06
   1.9436249e-06
   7.8440978e-03
  -1.8553258e-03
  -8.3725779e-05
  -1.9066781e-06
   1.5764271e-06
  -9.6759056e-03
  -1.1328466e-06
   5.6116281e-03
  -1.7692100e-02
   1.4825503e-02
  -6.0543688e-04
   5.0777291e-03
  -1.9181140e-06
   3.1416065e-02
   5.7928524e-03
   1.1223129e-02
   5.3993101e-03
   1.1829353e-06
   1.2124572e-02
   1.2080081e-02
   2.4871001e-02
   2.6024179e-02
   9.2484407e-07
   2.0633396e-02
  -3.7053112e-03
  -1.0564309e-02
  -7.6564254e-03
  -3.1501324e-03
  -5.0492653e-03
  -1.7476866e-02
   5.1794286e-02
  -2.2933670e-06
   1.2261603e-02
  -7.2298802e-03
   6.7872116e-03
  -1.1596920e-02
   2.6744590e-06
  -2.7504538e-06
   9.8003332e-07
   2.1408679e-03
   4.3737132e-03
  -2.0714675e-06
  -8.6707169e-07
   6.4450450e-03
  -1.2464753e-02
  -6.1745420e-02
   9.5331653e-04
   5.8382764e-03
   7.6605691e-04
  -1.2981254e-06
  -1.8282614e-02
   5.6917357e-03
  -5.6911678e-07
   1.7759770e-02
   1.2719695e-02
  -7.8879912e-04
  -6.7052471e-02
  -1.3572578e-04
  -1.3280758e-02
  -4.0089863e-02
  -2.6746350e-02
   7.6567975e-07
  -1.8316143e-06
  -1.7542432e-06
   2.0208717e-03
  -8.4739090e-07
   6.6210744e-03
   1.3309270e-02
   1.7391744e-02
  -3.6796130e-03
  -3.3591985e-03
  -1.9420340e-02
  -1.5255787e-02
   2.3074422e-03
  -1.5900285e-03
  -2.1853438e-02
  -4.0575528e-03
  -2.0221547e-03
  -8.6519069e-04
  -4.9753113e-07
  -6.1308668e-03
  -1.2766574e-02
  -1.8089234e-06
  -3.0815516e-03
  -6.3635009e-04
  -1.7830595e-03
   1.4647600e-02
   2.3303076e-02
   3.1598269e-02
   3.9217032e-02
   8.3772026e-03
  -2.8265552e-02
   1.6045308e-02
  -1.8964865e-03
   2.0875656e-02
   1.8065439e-02
  -1.5420525e-02
  -4.2167077e-02
   1.6714813e-02
   1.0411478e-02
   1.2413281e-03
   5.3181454e-03
   4.3151303e-07
  -1.2411645e-02
  -1.4314637e-06
   4.1770824e-03
  -3.8455426e-03
  -1.1311832e-06
   7.2867579e-04
   1.8733116e-06
  -1.9869615e-02
   3.4656648e-02
   2.1074518e-05
  -2.6735227e-02
   1.3592911e-04
   2.7366595e-03
  -6.0205094e-04
  -8.1365721e-03
   1.0891162e-02
   1.3096358e-06
   8.7725329e-03
   1.0907795e-06
   5.2490819e-03
   1.6850961e-05
  -1.6319865e-02
   1.4853487e-03
  -3.5400348e-03
  -2.8352667e-03
  -1.0399747e-02
  -2.8487777e-04
   6.3629473e-08
  -3.1571523e-03
  -2.4498831e-02
  -1.9804530e-02
  -2.1801146e-02
  -1.9243936e-02
  -2.8200619e-02
  -8.9387677e-03
  -5.2663105e-03
  -1.5103590e-02
  -5.8055321e-03
  -5.6109069e-03
  -2.3549970e-03
  -7.5314389e-02
  -4.9074482e-02
   3.0721733e-04
  -9.3496281e-03
  -1.4530466e-03
  -6.0060165e-07
  -6.9573862e-03
  -2.0534403e-02
  -6.6743137e-03
  -3.3325937e-02
  -8.0471268e-06
  -5.7532567e-02
  -1.0764226e-03
  -3.4674717e-02
   1.4595482e-06
  -5.9403520e-03
  -3.4882849e-02
   4.0868277e-04
  -6.0856071e-06
  -2.2506696e-03
   6.2552044e-03
   7.3454522e-04
   8.7233988e-04
  -5.6272087e-06
   5.6685754e-02
   4.3222864e-02
   2.5871784e-02
   2.2569465e-02
   3.2236975e-02
   1.3860573e-06
   1.8881188e-02
   5.5654474e-03
   4.4202616e-03
  -3.8720586e-02
  -2.3372358e-02
  -5.3291163e-03
   2.0131215e-02
  -1.0717966e-02
  -7.6957099e-03
  -8.0056593e-07
   1.2292090e-06
  -4.4612715e-03
  -2.4319983e-03
   1.6140607e-02
  -1.1366939e-06
  -2.4689316e-06
   4.8296419e-03
   5.5885201e-03
   2.5712743e-06
   9.0732048e-03
  -7.8722199e-07
   1.1035888e-03
   1.7750367e-02
   4.9616124e-07
  -3.7825036e-02
   1.4260734e-06
   2.7136561e-02
   6.9923383e-03
   5.8840735e-03
  -2.4363985e-02
  -8.2042999e-03
   1.2380632e-06
  -3.5578639e-02
  -4.8258817e-03
  -3.2848359e-02
  -3.0184065e-02
  -1.7811727e-02
  -1.3182211e-02
  -1.2509837e-02
  -2.1374753e-03
  -1.2527634e-02
   1.0456995e-03
   1.8250576e-03
  -2.5030146e-02
   1.8751167e-03
   2.2664703e-03
  -1.7542211e-06
   3.7962906e-03
  -3.3264305e-03
   7.4538719e-07
  -2.4043947e-03
   3.0412107e-03
   9.2632747e-07
  -6.5635970e-02
   7.2178605e-07
  -1.2710724e-02
  -4.7877225e-03
  -1.0335035e-01
  -7.9879344e-03
  -8.2510724e-03
   2.6394107e-06
  -5.5007813e-06
  -9.3401850e-03
  -1.8254698e-02
   4.7288711e-03
  -1.4969973e-02
   1.3576790e-02
  -1.6555269e-02
  -8.8040916e-03
  -7.6214322e-03
  -3.2283520e-03
  -1.6197070e-03
   2.8943814e-07
   7.9287385e-07
  -1.8207053e-02
  -9.2613735e-07
   7.1315383e-03
   2.2691430e-03
  -1.2016314e-02
  -1.0509893e-02
   6.2606772e-07
  -2.7684777e-02
   8.3415250e-03
   2.9423252e-02
   4.4445584e-03
   2.6754820e-07
   1.3574558e-02
   7.6985510e-03
  -7.5297930e-03
   1.6021787e-02
   2.6560640e-02
   2.4267374e-02
   3.6480064e-02
   4.4434436e-02
   5.8653707e-03
  -3.2541305e-03
  -1.5904081e-06
  -1.4593113e-06
  -6.2594229e-05
   2.1737039e-03
  -2.4091252e-02
  -1.0027552e-02
  -2.8346783e-03
   1.2629567e-02
   5.1068240e-03
  -2.1503903e-02
   1.9647218e-06
  -6.3978989e-03
   2.4893878e-06
   1.4155563e-03
  -1.3807942e-02
  -6.0560416e-03
   7.8515351e-03
  -1.9382652e-03
   1.6135785e-06
   1.7186142e-02
   2.2186178e-06
  -7.0132498e-07
   3.0869062e-03
  -1.3402504e-02
  -1.6377322e-06
  -1.8990549e-06
   4.2647231e-03
   1.7104852e-03
  -1.7093775e-06
   2.4353752e-06
  -4.9231454e-03
  -1.5129208e-02
  -1.1057304e-02
