   1.9868241e-06
  -3.1048689e-02
  -8.8862736e-03
   6.0682259e-03
  -1.4778958e-02
  -4.6792086e-02
  -1.4223816e-02
  -1.8852734e-02
  -1.0089718e-03
  -1.2003985e-02
  -5.2758798e-02
  -1.3720724e-04
  -4.2871928e-03
  -9.1179906e-03
  -7.2101901e-03
   2.1668823e-02
   1.9677143e-03
  -3.1709789e-03
   1.3592925e-03
   1.1643098e-02
  -2.0080291e-02
  -1.1076180e-03
   2.2901897e-07
   7.9724480e-02
   4.2836653e-02
   1.7264810e-02
   6.8237792e-02
   1.1403631e-01
   1.2959620e-01
   9.9458662e-04
   3.2065099e-03
   4.7176300e-02
   1.2230301e-01
  -2.2049687e-02
  -2.7793127e-02
   1.5617008e-01
   1.1359310e-01
   1.4209242e-01
  -3.5880178e-03
   7.7669960e-02
   8.7618636e-04
  -3.1333997e-03
   9.1580918e-02
   1.1699759e-01
   2.0994445e-02
   1.0066272e-01
   8.6541296e-02
  -1.8169416e-06
  -2.2335350e-02
   1.1922251e-01
  -9.4122713e-04
  -3.7393084e-02
   8.6818182e-03
   4.6153800e-02
   1.5222514e-01
  -2.1318342e-06
   1.8561067e-02
  -1.2582465e-06
   1.1289096e-02
  -7.8565045e-03
  -3.4899140e-03
  -2.2622823e-02
   2.8483382e-02
   1.4813499e-02
   3.3302893e-06
  -4.7161115e-07
  -1.2682885e-06
  -5.5805151e-03
  -1.3999040e-02
   6.2188002e-06
  -1.6598227e-03
   1.6529545e-06
   6.7880649e-04
  -4.4244593e-02
   9.0183969e-03
  -5.3882757e-02
  -8.0900567e-03
  -9.6076394e-03
  -2.3196866e-06
   2.2045640e-03
   1.1164318e-02
   7.5628655e-02
   1.1253612e-02
   8.3343521e-03
  -2.2642957e-07
  -2.2906998e-06
   7.0226102e-02
   3.8487806e-03
   1.3976027e-03
   2.0465302e-02
   9.9257575e-03
   4.0079448e-02
  -2.6501500e-03
  -9.6913297e-02
  -3.5401670e-04
  -6.5514061e-04
   5.0578431e-02
   1.4022897e-03
  -3.6592564e-03
  -1.2148267e-02
   3.4846867e-02
  -2.1249452e-03
   2.5484465e-02
   2.7435890e-02
   9.7930016e-03
  -1.5141911e-02
  -2.3946022e-03
  -3.3241906e-02
  -1.9242115e-02
  -4.8006780e-03
   1.7137699e-03
  -2.0539383e-02
  -2.3263186e-02
  -2.5977083e-06
   1.6750522e-05
   1.7113875e-02
   3.2040309e-02
   1.2949594e-03
   3.7556863e-07
   9.2821230e-04
   1.4572873e-02
   6.0623642e-02
   2.1626801e-03
  -7.0018494e-03
  -1.4123953e-06
  -4.8985953e-03
   1.1375479e-02
   8.0932886e-03
   6.6918141e-03
  -2.5231825e-03
  -9.5235821e-04
  -3.5325892e-02
  -1.6486417e-02
  -7.9479101e-03
   1.0234870e-02
   1.2025592e-02
   3.5104236e-02
  -1.5421496e-02
   3.5014951e-03
   1.5348921e-04
  -2.5081024e-02
   6.1076197e-03
   1.2665063e-03
   3.2841782e-02
   1.4880222e-06
   3.8032667e-02
  -1.3487217e-03
  -1.1504991e-02
   2.6380983e-03
  -1.6732981e-03
   4.1110410e-03
   1.9983896e-06
   9.1890438e-07
   2.3523022e-02
   3.3555464e-03
   9.6149033e-02
   9.4810089e-03
   1.9693210e-06
   1.3054172e-02
   1.2059774e-02
   2.3751932e-06
  -7.0697940e-03
   1.5118267e-06
   7.8374308e-03
   5.4292302e-02
   7.5813704e-03
   2.1183763e-02
  -1.3293715e-02
   9.1597414e-03
   7.2237902e-02
   1.5402005e-02
   4.8947503e-03
   4.9187422e-07
   1.0153846e-02
   6.0670696e-03
   2.5424884e-02
   4.3951143e-03
   2.1931171e-02
   3.4212226e-02
   5.8738855e-02
   3.0154471e-02
   2.2181506e-02
   7.4461113e-02
   2.7302026e-02
  -3.2855383e-02
  -1.1734955e-02
  -3.2624960e-02
  -2.4363272e-02
  -5.0325863e-03
  -5.3840402e-02
  -2.0994148e-03
  -4.4589415e-02
  -3.3984865e-02
  -1.2216790e-02
  -2.9409677e-06
  -3.0259633e-03
   1.4557968e-06
   1.6062828e-02
  -2.5052001e-02
  -4.6749905e-02
  -7.8318572e-03
  -9.1293588e-07
  -2.5986846e-02
  -2.5176970e-02
   9.7074035e-04
   2.4815495e-06
  -3.7133580e-02
   7.5129629e-03
  -3.2347763e-03
  -1.5673542e-02
   9.4169726e-03
  -4.0728513e-02
  -1.4368104e-02
  -2.6829600e-02
  -4.9436723e-05
  -2.2769831e-06
   1.0769785e-05
  -1.8778883e-03
  -2.0444359e-02
  -4.4189809e-03
   9.1837035e-03
  -1.7660831e-06
   5.2193771e-03
   4.1418245e-05
   5.0041579e-03
   4.5327746e-02
   1.1402078e-02
   5.2832174e-03
   2.3804967e-03
   1.4456726e-02
   9.3309740e-03
   1.1909313e-02
   1.2197649e-02
   2.3963716e-02
   7.7911894e-03
   9.7243138e-03
  -1.2559256e-06
  -4.7385351e-02
  -2.0931828e-02
  -2.3394458e-02
  -3.0610109e-02
  -2.7552055e-02
  -1.0729006e-06
  -2.7102641e-02
   1.4769039e-02
  -1.8635891e-03
  -2.1233496e-02
  -6.3909589e-03
  -2.5415998e-02
  -3.2867648e-02
  -1.8519805e-03
  -4.0174401e-02
  -1.8455940e-05
  -2.8304017e-03
   1.5861681e-03
  -1.3665899e-06
  -1.3954951e-02
  -1.8070976e-06
  -2.4966382e-07
   2.7264905e-07
   1.7705640e-02
   8.6779157e-03
  -1.9472224e-02
   4.8607850e-04
   1.5390066e-02
  -7.7134017e-03
  -1.1509822e-02
   5.2134269e-02
  -7.5376278e-03
   6.8928060e-03
  -9.8699462e-06
   1.2955119e-03
  -1.1416433e-02
   1.6975536e-02
  -3.7171961e-02
   1.1091959e-06
  -3.2823499e-02
  -3.4353984e-02
  -3.0440115e-02
  -1.8375222e-02
  -5.6471052e-02
  -1.7402539e-02
  -3.9557307e-02
   1.4423880e-06
  -7.8131314e-03
  -1.7960268e-06
   2.9802033e-06
   3.2706200e-04
   4.4488372e-04
  -1.1808899e-02
  -1.9747410e-02
   3.2041146e-05
  -4.2372993e-03
   1.0873243e-06
  -1.1384451e-02
  -2.5229904e-02
   5.7292627e-03
  -3.8335013e-03
   3.0206781e-03
  -1.0082437e-02
  -1.3319315e-04
  -4.8420557e-06
  -4.0113070e-02
  -2.4507570e-02
  -2.8114735e-03
   1.8994076e-02
   1.7456151e-02
   1.9175405e-06
   2.4997094e-02
   2.3522421e-03
   2.7630387e-06
   1.7301091e-02
  -4.5551989e-02
   6.4784431e-06
  -8.0075499e-02
  -2.2469853e-02
  -6.0809983e-04
  -4.3040707e-03
   5.3059358e-02
   3.3553053e-02
   1.6035818e-02
  -1.4678779e-02
   5.0366097e-03
  -1.0354957e-03
  -1.7201202e-02
  -7.7982846e-04
  -3.0742023e-03
   1.5446532e-06
   3.4399893e-03
  -2.3406264e-06
   1.3535822e-06
   2.1058627e-04
   1.6297494e-03
  -3.2602891e-02
   2.6667365e-02
   7.2669806e-03
   4.5210994e-07
  -2.4003796e-02
  -2.6001859e-06
  -7.9677670e-03
   1.6520684e-06
   3.0208129e-02
  -1.4786218e-06
  -7.2197455e-03
  -2.5739241e-02
   2.2371874e-03
   1.3643216e-06
   1.5510166e-02
  -1.2662565e-06
   4.5225627e-07
  -1.8075129e-06
  -4.9753212e-03
  -1.6601579e-04
  -6.0562770e-03
   4.2438859e-03
  -9.1202765e-03
  -3.5783127e-02
  -1.5344033e-02
  -2.9232796e-02
  -1.0863440e-02
   1.0040859e-02
  -7.0271632e-02
  -1.3677417e-03
   9.6759170e-04
  -1.0451168e-02
  -6.4041025e-02
  -8.8486519e-04
  -8.2135146e-07
  -7.0110094e-02
  -3.7413889e-02
  -4.5201410e-02
  -8.8813415e-03
  -3.0477009e-02
  -1.0324728e-01
   3.4533852e-02
  -7.8908938e-03
  -7.1379648e-02
   1.0794774e-06
  -1.4079878e-02
  -3.5922820e-02
  -3.2803186e-02
  -2.1598603e-02
  -9.5526209e-04
   8.5948037e-04
  -3.3769755e-02
  -2.3322246e-02
   1.1757939e-07
  -2.4863063e-03
   4.2447975e-03
  -1.3150375e-02
  -6.5956548e-03
   7.6811534e-04
   7.1864452e-03
   6.3133834e-07
   2.5039849e-02
   2.4149479e-02
  -3.4777522e-03
   2.2007579e-03
   3.1500352e-02
  -1.1266608e-02
   5.3420993e-03
   7.5066912e-04
   5.0955317e-02
   1.5218772e-02
   1.0918514e-01
   4.6262204e-02
   5.1352808e-02
  -1.2231755e-02
  -3.8153156e-03
  -1.2226338e-03
   8.4129984e-03
   4.3693964e-03
  -1.6433364e-02
  -3.3954392e-03
  -1.2670952e-03
   1.2088284e-06
  -1.7124666e-02
  -5.1148257e-03
  -1.1107380e-02
  -8.8146280e-03
   1.6031083e-06
  -3.8897826e-02
  -2.4379546e-06
  -3.0563411e-03
   1.1171919e-06
  -3.0092896e-03
   1.9183886e-02
  -5.4464981e-03
  -2.8951101e-04
  -1.0611089e-02
  -6.3587411e-03
   2.8935084e-02
   2.3521499e-02
   1.5458015e-06
  -2.2725348e-02
   2.0106836e-02
   1.5898949e-02
  -1.3616108e-06
  -2.2919534e-02
  -3.5378437e-07
  -3.0543075e-02
  -2.2075061e-02
  -1.4988530e-06
  -4.3046943e-02
  -4.8604978e-02
  -6.0436509e-02
   5.2685396e-03
   1.4924034e-02
   7.6876826e-03
   3.0302736e-03
   8.4834442e-03
  -2.5118681e-03
  -5.7386458e-03
   2.2247427e-03
   5.6247303e-04
   3.1251114e-02
  -2.1208301e-02
  -1.2302065e-02
  -4.7651222e-02
  -1.3153078e-02
  -3.7159320e-02
  -1.5898571e-02
  -5.3783605e-02
  -2.1907525e-02
   2.8963917e-03
  -4.3925483e-03
   1.6011792e-06
   7.2026557e-03
   3.0299299e-03
   1.0388748e-02
   5.0780261e-03
  -9.0639932e-04
  -3.9533396e-02
   2.9870503e-02
   2.4659501e-02
  -6.5760595e-03
   2.4365589e-02
  -2.6828597e-06
   4.6949446e-03
   4.6960824e-02
  -2.1531904e-06
  -2.2772856e-03
  -1.0695485e-06
  -2.3035958e-02
   1.8815054e-02
  -1.7140282e-03
  -1.5874556e-03
   1.6586811e-06
  -1.7549179e-02
  -4.6869563e-03
   1.3441962e-06
   7.1958198e-03
   1.2573495e-06
   2.9094863e-06
   9.4914849e-07
  -1.0177846e-02
  -1.4309531e-02
  -7.0068617e-04
   2.4848555e-02
  -1.1708671e-06
